01370
03575
04774
04853
04945
07641
08311
12946
13411
14437
15767
17815
20132
23169
24521
24874
26330
27295
27801
28753
29127
29569
30428
30519
32226
32361
32541
33512
33930
35031
36764
36858
37185
38583
38863
39204
39531
40119
40447
44685
45647
45877
46985
47006
48045
48659
49058
49660
49737
49839
49892
49931
50174
50588
50665
52641
53143
53586
54555
54612
54840
54965
55616
56001
56179
56385
56519
56632
56673
57362
57430
57567
57640
57658
58276
58384
58476
58563
58657
58773
59034
59082
59222
59322
59343
59417
59421
59457
59525
59544
59743
59821
59930
61321
62081
62442
62959
64756
65230
65560
66097
67012
67059
67436
67740
67855
68462
68718
68866
69150
69221
69347
70757
71251
71833
72160
72442
72650
73750
74434
74701
75707
76043
76364
77612
77879
78102
78584
78624
78860
79014
79022
79241
79556
79714
79837
79843
79942
80135
80434
80861
81059
81154
81324
81624
82082
82310
82433
82633
82715
82834
83113
83251
83271
83321
83420
83525
83661
83861
84023
84033
84520
84635
84726
84753
85321
85325
85541
85602
86034
86435
87013
87712
87815
87829
88031
88134
89023
89179
89319
89406
89445
89820
89883
92256
93041
93451
93527
93546
94550
95519
95724
95979
96016
97231
97439
97524
97630
97701
97827
97873
97910
98035
98279
98536
98837
98862
99114
99356
99502
99510
99519
99553
99556
99557
99564
99566
99569
99573
99574
99576
99584
99585
99588
99590
99602
99609
99612
99613
99614
99620
99624
99627
99630
99632
99638
99642
99647
99649
99655
99664
99667
99673
99674
99675
99676
99682
99689
99691
99693
99701
99709
99720
99721
99722
99724
99726
99727
99729
99730
99732
99733
99734
99736
99737
99738
99740
99745
99746
99747
99748
99750
99751
99752
99753
99754
99756
99757
99759
99762
99766
99768
99770
99772
99773
99774
99777
99779
99780
99781
99782
99784
99786
99787
99788
99789
99791
99820
99826
99833
99901
